1.097601056751339010e+00 8.576616435182764508e-01
-1.322635166584994887e-02 7.455880653409180381e-02
-4.821084792172273259e-01 8.608058562425098259e-01
-9.172799130048561178e-01 8.219514803985722429e-01
-8.457107246973134540e-01 6.154708294609848584e-01
9.344839218030590589e-01 5.192801935417246106e-01
4.450581972144657672e-01 1.047973004325439161e+00
6.890025553134029312e-01 -5.236900936538807505e-02
1.850176927651030034e+00 -2.829405085166677436e-01
6.816399372222659014e-01 -1.857039901872662435e-01
5.638064743778947729e-01 5.838413732966555303e-01
-3.726605992536368150e-01 1.017335720917840192e+00
7.694556459631343159e-01 -8.216710397150464584e-02
-9.840690319226190752e-01 5.437394946696455511e-01
-4.126584086699289222e-01 6.968242603599528184e-02
-2.307175114953276540e-01 -9.210163597823006754e-02
4.431143765256990719e-01 -4.341103471736038610e-01
-3.022551310881361197e-01 1.391938272700805612e+00
3.818970157906676488e-01 6.901796754044924320e-01
1.001688376014585824e+00 1.126194320418852257e+00
1.119639407664050124e+00 4.012424437741823890e-01
-5.635199274327229446e-01 1.380135014128548221e+00
2.104302556774071131e-01 -5.163016044916008962e-01
-9.371666691798348492e-02 6.353730748030745890e-01
8.219920294993189325e-01 7.599687303388336090e-01
6.768621531443345107e-01 9.593426977745231898e-01
-2.216773610480787526e-01 9.794371584359123917e-01
9.619412297142629908e-01 4.694333626297815254e-01
-6.504117747339168698e-01 -7.305842359781100637e-03
1.966542440810232106e+00 1.130906518926892146e-01
5.645425606741405478e-01 -9.487362926524480766e-01
1.146070321761593069e+00 -3.074474881951987371e-01
1.251682481354251308e+00 2.017452362838337288e-01
1.473435394238929330e+00 -7.969449619556332465e-01
3.841697248492015326e-01 7.695295014736063255e-01
1.078458669418815408e+00 -4.481773512254785263e-01
6.574613709890057001e-01 -1.005989954523504037e-01
-1.525460416847079781e-01 5.708604607110010498e-01
1.703379967268507045e+00 -5.414323117705502897e-01
1.642407117599411048e+00 2.668029982214711326e-01
-1.113655033549662221e+00 4.085041851818907999e-01
1.556045660020505705e+00 -8.265521520954205448e-02
2.995691392103622119e-01 -5.918580180630093057e-01
1.277262056827441095e+00 3.171144943194474930e-01
3.046589778687540662e-01 2.732194991230552095e-01
5.200481025709017269e-01 6.535216049661480842e-01
-1.163721852944670898e+00 3.585555725044159980e-01
7.143633929710076214e-02 7.330142687850378369e-01
-4.187269521658270044e-01 7.745995821505606838e-01
1.775707298378156052e-01 2.857842366166676307e-01
1.893233149330110221e+00 7.300951184325911170e-01
6.048940042218842184e-01 1.051075233347735560e+00
2.276660926523975004e+00 -3.805681400517457735e-02
-2.851293558024576846e-01 4.179959667503458931e-01
2.357738680990843771e-01 -7.924978670797006020e-02
-7.195931288106542922e-01 9.335643527559751575e-01
1.400244997873491215e+00 -2.723616692882674384e-01
2.822642029546360565e-01 7.902761024919601196e-01
1.997889203872878383e+00 -1.911079867786976139e-01
2.179791089841761398e+00 1.951741112142031387e-01
8.779576701721990561e-01 6.395852528912099322e-02
-4.985705668009186020e-01 1.184039909542116131e+00
2.017212143999576934e+00 1.788129441585181167e-01
1.233287182221721734e+00 -1.728521993584022920e-01
-1.099474181745474732e+00 5.167082024201521406e-01
1.326542312560222481e+00 -4.010904003053905598e-02
-2.914771918707766973e-01 8.811780724952108512e-01
8.694050189840925036e-01 -8.540422285158395521e-01
1.674908993281588598e+00 -1.848419649961913769e-01
-1.324857745663157615e+00 4.710974141312135322e-01
1.136091165975488870e+00 -7.462618052858367435e-01
2.194448974041470102e+00 4.986526130693141878e-02
-8.166952082326233153e-01 6.235876814285086500e-02
1.839008808933944028e+00 -3.558701849647629145e-01
9.100487199589185616e-01 -2.565307858614324088e-02
3.214872810114158264e-01 1.056247498559209408e+00
8.764662912816022500e-01 3.835022593269348246e-01
2.100048708533413244e-01 1.082916283398019042e+00
6.636607120721910169e-01 -4.024150092612758800e-01
8.752768419829765056e-01 3.759564435401361870e-01
1.209067858205483681e+00 -7.260165999248774371e-01
1.431608770044591639e+00 -5.332728920818041729e-02
1.184005258919911707e+00 -8.732379094905262651e-03
-9.810046346409283524e-01 7.639747028565284648e-01
-9.796667254440444284e-01 3.072819542676401561e-01
8.177222495512747047e-01 8.474099621053179376e-01
5.819214912361789782e-01 -3.966824810289361070e-01
9.190570673459185214e-01 9.378125303828528381e-01
-2.585428578750986750e-01 7.396099476586857069e-01
1.892200924997943789e-01 -1.114067088467775579e-01
2.880123927907771164e-01 8.527337763297241358e-01
-3.267343917294701638e-02 -1.713526479426588089e-01
-4.751901571442952443e-01 5.591814237851735481e-01
2.382758336143370848e+00 7.915387720099760216e-01
7.117537134355848005e-01 -7.879121607888612822e-01
2.461311866192846254e-01 -9.088427839507257078e-01
1.948656746952665553e-01 -2.291723996033261379e-01
-2.583267724076689364e-01 1.045649045044864556e+00
-1.345753460530080270e+00 2.792134975734611446e-01
1.267880120541914346e+00 2.589908645257507636e-01
