1.000000000000000000e+00 7.500000000000000000e+01
2.000000000000000000e+00 8.720000000000000284e+01
3.000000000000000000e+00 9.559999999999999432e+01
4.000000000000000000e+00 1.030999999999999943e+02
5.000000000000000000e+00 1.102000000000000028e+02
6.000000000000000000e+00 1.165999999999999943e+02
7.000000000000000000e+00 1.225000000000000000e+02
8.000000000000000000e+00 1.285000000000000000e+02
9.000000000000000000e+00 1.340999999999999943e+02
1.000000000000000000e+01 1.400999999999999943e+02
1.100000000000000000e+01 1.465999999999999943e+02
1.200000000000000000e+01 1.524000000000000057e+02
1.300000000000000000e+01 1.563000000000000114e+02
1.400000000000000000e+01 1.585999999999999943e+02
1.500000000000000000e+01 1.598000000000000114e+02
1.600000000000000000e+01 1.600999999999999943e+02
1.700000000000000000e+01 1.603000000000000114e+02
1.800000000000000000e+01 1.605999999999999943e+02
1.000000000000000000e+00 7.650000000000000000e+01
2.000000000000000000e+00 8.850000000000000000e+01
3.000000000000000000e+00 9.679999999999999716e+01
4.000000000000000000e+00 1.040999999999999943e+02
5.000000000000000000e+00 1.112999999999999972e+02
6.000000000000000000e+00 1.177000000000000028e+02
7.000000000000000000e+00 1.240000000000000000e+02
8.000000000000000000e+00 1.300000000000000000e+02
9.000000000000000000e+00 1.354000000000000057e+02
1.000000000000000000e+01 1.401999999999999886e+02
1.100000000000000000e+01 1.453000000000000114e+02
1.200000000000000000e+01 1.519000000000000057e+02
1.300000000000000000e+01 1.595000000000000000e+02
1.400000000000000000e+01 1.659000000000000057e+02
1.500000000000000000e+01 1.698000000000000114e+02
1.600000000000000000e+01 1.715999999999999943e+02
1.700000000000000000e+01 1.723000000000000114e+02
1.800000000000000000e+01 1.726999999999999886e+02
